I/flutter (30603): [2155	2608	2472	2430	 2626]
I/flutter (30603): [2142	2602	2475	2435	 2624]
I/flutter (30603): [2144	2608	2468	2431	 2633]
I/flutter (30603): [2146	2599	2471	2429	 2624]
I/flutter (30603): [2146	2608	2461	2439	 2637]
I/flutter (30603): [2147	2602	2469	2425	 2624]
I/flutter (30603): [2150	2595	2467	2423	 2625]
I/flutter (30603): [2147	2595	2463	2427	 2626]
I/flutter (30603): [2149	2599	2470	2430	 2631]
I/flutter (30603): [2153	2608	2464	2432	 2635]
I/flutter (30603): [2143	2599	2471	2432	 2631]
I/flutter (30603): [2147	2605	2471	2422	 2631]
I/flutter (30603): [2165	2601	2465	2423	 2621]
I/flutter (30603): [2154	2559	2447	2403	 2589]
I/flutter (30603): [2141	2559	2435	2395	 2548]
I/flutter (30603): [2147	2559	2433	2390	 2531]
I/flutter (30603): [2141	2542	2417	2379	 2493]
I/flutter (30603): [2142	2539	2416	2369	 2451]
I/flutter (30603): [2139	2474	2384	2335	 2432]
I/flutter (30603): [2134	2454	2353	2313	 2412]
I/flutter (30603): [2142	2451	2336	2326	 2436]
I/flutter (30603): [2137	2474	2384	2346	 2461]
I/flutter (30603): [2141	2479	2384	2349	 2475]
I/flutter (30603): [2138	2453	2362	2333	 2432]
I/flutter (30603): [2161	2448	2352	2327	 2429]
I/flutter (30603): [2135	2474	2352	2326	 2447]
I/flutter (30603): [2137	2475	2379	2350	 2463]
I/flutter (30603): [2134	2448	2374	2338	 2445]
I/flutter (30603): [2144	2469	2369	2332	 2445]
I/flutter (30603): [2132	2449	2363	2333	 2447]
I/flutter (30603): [2131	2458	2367	2329	 2446]
I/flutter (30603): [2139	2470	2363	2335	 2441]
I/flutter (30603): [2159	2453	2358	2325	 2433]
I/flutter (30603): [2139	2457	2354	2323	 2430]
I/flutter (30603): [2137	2457	2351	2320	 2432]
I/flutter (30603): [2145	2445	2377	2332	 2423]
I/flutter (30603): [2140	2437	2320	2297	 2398]
I/flutter (30603): [2138	2439	2319	2293	 2399]
I/flutter (30603): [2135	2433	2305	2281	 2389]
I/flutter (30603): [2162	2423	2319	2282	 2384]
I/flutter (30603): [2142	2422	2313	2289	 2386]
I/flutter (30603): [2137	2429	2334	2295	 2434]
I/flutter (30603): [2139	2435	2342	2303	 2419]
I/flutter (30603): [2139	2427	2339	2304	 2410]
I/flutter (30603): [2142	2440	2336	2305	 2409]
I/flutter (30603): [2137	2419	2338	2304	 2425]
I/flutter (30603): [2145	2445	2339	2310	 2431]
I/flutter (30603): [2138	2435	2345	2308	 2421]
I/flutter (30603): [2139	2445	2336	2305	 2418]
I/flutter (30603): [2141	2437	2339	2309	 2423]
I/flutter (30603): [2148	2432	2342	2305	 2421]
I/flutter (30603): [2165	2448	2347	2305	 2416]
I/flutter (30603): [2219	2438	2334	2310	 2406]
I/flutter (30603): [2233	2434	2338	2306	 2416]
I/flutter (30603): [2226	2442	2337	2302	 2406]
I/flutter (30603): [2224	2432	2338	2303	 2416]
I/flutter (30603): [2224	2441	2334	2315	 2417]
I/flutter (30603): [2206	2434	2359	2307	 2422]
I/flutter (30603): [2192	2429	2340	2305	 2416]
I/flutter (30603): [2192	2434	2329	2305	 2415]
I/flutter (30603): [2192	2428	2332	2304	 2415]
I/flutter (30603): [2187	2415	2326	2301	 2416]
I/flutter (30603): [2192	2403	2314	2305	 2412]
I/flutter (30603): [2192	2402	2332	2305	 2417]
I/flutter (30603): [2192	2394	2331	2299	 2414]
I/flutter (30603): [2196	2378	2320	2299	 2416]
I/flutter (30603): [2190	2383	2338	2302	 2414]
I/flutter (30603): [2194	2415	2332	2298	 2411]
I/flutter (30603): [2192	2398	2322	2299	 2412]
I/flutter (30603): [2191	2401	2322	2293	 2416]
I/flutter (30603): [2189	2398	2324	2296	 2413]
I/flutter (30603): [2186	2387	2323	2297	 2406]
I/flutter (30603): [2189	2390	2322	2289	 2413]
I/flutter (30603): [2192	2384	2330	2299	 2406]
I/flutter (30603): [2185	2389	2322	2297	 2412]
I/flutter (30603): [2188	2411	2318	2292	 2410]
I/flutter (30603): [2185	2398	2320	2289	 2401]
I/flutter (30603): [2182	2395	2322	2293	 2410]
I/flutter (30603): [2185	2397	2320	2298	 2406]
I/flutter (30603): [2180	2378	2320	2302	 2416]
I/flutter (30603): [2185	2405	2320	2302	 2411]
I/flutter (30603): [2188	2403	2321	2297	 2407]
I/flutter (30603): [2192	2403	2333	2294	 2411]
I/flutter (30603): [2196	2399	2323	2297	 2431]
I/flutter (30603): [2192	2402	2321	2295	 2406]
I/flutter (30603): [2192	2405	2325	2288	 2410]
I/flutter (30603): [2189	2403	2326	2297	 2412]
I/flutter (30603): [2191	2407	2320	2295	 2413]
I/flutter (30603): [2186	2406	2321	2291	 2411]
I/flutter (30603): [2186	2400	2324	2298	 2416]
I/flutter (30603): [2190	2405	2327	2297	 2413]
I/flutter (30603): [2191	2406	2320	2297	 2410]
I/flutter (30603): [2188	2406	2321	2292	 2414]
I/flutter (30603): [2191	2406	2325	2296	 2407]
I/flutter (30603): [2192	2404	2326	2295	 2411]
I/flutter (30603): [2187	2403	2331	2295	 2416]
I/flutter (30603): [2188	2402	2309	2295	 2416]
I/flutter (30603): [2187	2400	2328	2299	 2413]
I/flutter (30603): [2190	2405	2322	2295	 2407]
I/flutter (30603): [2181	2395	2317	2293	 2407]
I/flutter (30603): [2177	2397	2320	2293	 2411]
I/flutter (30603): [2184	2391	2320	2294	 2411]
I/flutter (30603): [2186	2405	2320	2298	 2415]
I/flutter (30603): [2185	2406	2316	2297	 2416]
I/flutter (30603): [2185	2399	2320	2294	 2411]
I/flutter (30603): [2181	2403	2320	2298	 2414]
I/flutter (30603): [2179	2405	2323	2288	 2406]
I/flutter (30603): [2179	2401	2317	2290	 2413]
I/flutter (30603): [2181	2405	2320	2295	 2413]
I/flutter (30603): [2181	2400	2322	2293	 2406]
I/flutter (30603): [2178	2401	2320	2291	 2411]
I/flutter (30603): [2178	2400	2320	2291	 2407]
I/flutter (30603): [2179	2395	2322	2294	 2427]
I/flutter (30603): [2178	2401	2320	2304	 2414]
I/flutter (30603): [2178	2402	2320	2297	 2404]
I/flutter (30603): [2179	2401	2321	2305	 2411]
I/flutter (30603): [2179	2399	2320	2299	 2406]
I/flutter (30603): [2178	2405	2320	2290	 2410]
I/flutter (30603): [2176	2405	2320	2299	 2405]
I/flutter (30603): [2176	2401	2320	2288	 2407]
I/flutter (30603): [2181	2405	2320	2295	 2416]
I/flutter (30603): [2181	2401	2320	2294	 2406]
I/flutter (30603): [2178	2395	2324	2288	 2407]
I/flutter (30603): [2179	2399	2320	2293	 2414]
I/flutter (30603): [2175	2401	2321	2292	 2407]
I/flutter (30603): [2178	2402	2318	2294	 2411]
I/flutter (30603): [2176	2398	2326	2290	 2410]
I/flutter (30603): [2176	2400	2321	2292	 2417]
I/flutter (30603): [2173	2396	2319	2298	 2409]
I/flutter (30603): [2167	2390	2320	2291	 2410]
I/flutter (30603): [2174	2391	2351	2278	 2409]
I/flutter (30603): [2176	2398	2320	2294	 2410]
I/flutter (30603): [2175	2399	2320	2294	 2407]
I/flutter (30603): [2174	2396	2323	2294	 2405]
I/flutter (30603): [2175	2399	2315	2294	 2409]
I/flutter (30603): [2176	2425	2320	2294	 2410]
I/flutter (30603): [2162	2397	2319	2299	 2416]
I/flutter (30603): [2176	2398	2319	2293	 2411]
I/flutter (30603): [2178	2395	2315	2291	 2414]
I/flutter (30603): [2192	2399	2320	2295	 2411]
I/flutter (30603): [2206	2397	2317	2291	 2404]
I/flutter (30603): [2256	2401	2318	2289	 2410]
I/flutter (30603): [2256	2405	2317	2291	 2403]
I/flutter (30603): [2239	2431	2334	2321	 2411]
I/flutter (30603): [2196	2406	2335	2310	 2436]
I/flutter (30603): [2205	2432	2319	2315	 2403]
I/flutter (30603): [2206	2398	2313	2289	 2406]
I/flutter (30603): [2206	2398	2320	2309	 2419]
I/flutter (30603): [2203	2395	2320	2295	 2417]
I/flutter (30603): [2199	2399	2323	2298	 2414]
I/flutter (30603): [2199	2432	2320	2295	 2411]
I/flutter (30603): [2199	2395	2321	2302	 2384]
I/flutter (30603): [2199	2402	2320	2304	 2407]
I/flutter (30603): [2198	2398	2319	2301	 2410]
I/flutter (30603): [2204	2398	2319	2301	 2415]
I/flutter (30603): [2203	2383	2323	2305	 2416]
I/flutter (30603): [2206	2378	2320	2302	 2417]
I/flutter (30603): [2197	2377	2320	2295	 2415]
I/flutter (30603): [2201	2375	2320	2299	 2416]
I/flutter (30603): [2197	2372	2320	2289	 2384]
I/flutter (30603): [2197	2375	2317	2288	 2386]
I/flutter (30603): [2195	2379	2320	2292	 2398]
I/flutter (30603): [2194	2397	2320	2294	 2387]
I/flutter (30603): [2197	2378	2323	2289	 2390]
I/flutter (30603): [2195	2379	2320	2289	 2387]
I/flutter (30603): [2193	2387	2315	2291	 2387]
I/flutter (30603): [2192	2373	2320	2289	 2384]
I/flutter (30603): [2196	2369	2315	2295	 2381]
I/flutter (30603): [2197	2377	2320	2291	 2383]
I/flutter (30603): [2192	2383	2311	2289	 2379]
I/flutter (30603): [2197	2375	2318	2288	 2383]
I/flutter (30603): [2188	2376	2320	2289	 2384]
I/flutter (30603): [2185	2377	2320	2293	 2382]
I/flutter (30603): [2186	2375	2315	2288	 2385]
I/flutter (30603): [2175	2370	2314	2279	 2383]
I/flutter (30603): [2175	2369	2318	2288	 2373]
I/flutter (30603): [2183	2382	2315	2288	 2379]
I/flutter (30603): [2175	2373	2303	2287	 2374]
I/flutter (30603): [2179	2374	2298	2283	 2370]
I/flutter (30603): [2166	2353	2293	2270	 2358]
I/flutter (30603): [2171	2369	2295	2274	 2361]
I/flutter (30603): [2176	2359	2301	2275	 2363]
I/flutter (30603): [2171	2374	2288	2274	 2337]
I/flutter (30603): [2165	2372	2290	2274	 2368]
I/flutter (30603): [2163	2371	2297	2271	 2362]
I/flutter (30603): [2165	2357	2291	2271	 2363]
I/flutter (30603): [2170	2377	2290	2273	 2363]
I/flutter (30603): [2167	2370	2295	2269	 2362]
I/flutter (30603): [2168	2369	2288	2272	 2358]
I/flutter (30603): [2166	2366	2294	2267	 2358]
I/flutter (30603): [2166	2369	2287	2277	 2360]
I/flutter (30603): [2170	2367	2304	2271	 2365]
I/flutter (30603): [2171	2367	2282	2273	 2362]
I/flutter (30603): [2162	2370	2294	2271	 2359]
I/flutter (30603): [2165	2384	2298	2285	 2361]
I/flutter (30603): [2171	2371	2299	2282	 2355]
I/flutter (30603): [2167	2369	2289	2274	 2362]
I/flutter (30603): [2166	2370	2288	2272	 2362]
I/flutter (30603): [2167	2368	2295	2265	 2359]
I/flutter (30603): [2166	2373	2299	2277	 2362]
I/flutter (30603): [2165	2371	2290	2275	 2358]
I/flutter (30603): [2176	2367	2296	2281	 2365]
I/flutter (30603): [2169	2367	2288	2274	 2363]
I/flutter (30603): [2176	2369	2291	2275	 2365]
I/flutter (30603): [2171	2377	2295	2279	 2359]
I/flutter (30603): [2170	2372	2293	2271	 2361]
I/flutter (30603): [2175	2368	2291	2275	 2352]
I/flutter (30603): [2171	2368	2299	2272	 2358]
I/flutter (30603): [2172	2366	2294	2269	 2362]
I/flutter (30603): [2166	2363	2291	2278	 2356]
I/flutter (30603): [2166	2377	2298	2274	 2362]
I/flutter (30603): [2171	2371	2291	2272	 2357]
I/flutter (30603): [2175	2374	2290	2273	 2363]
I/flutter (30603): [2169	2368	2288	2267	 2368]
I/flutter (30603): [2164	2363	2291	2271	 2357]
I/flutter (30603): [2166	2368	2288	2277	 2364]
I/flutter (30603): [2166	2337	2292	2275	 2361]
I/flutter (30603): [2171	2367	2288	2268	 2360]
I/flutter (30603): [2167	2367	2305	2273	 2363]
I/flutter (30603): [2161	2367	2293	2275	 2374]
I/flutter (30603): [2142	2399	2295	2272	 2362]
I/flutter (30603): [2175	2361	2295	2283	 2359]
I/flutter (30603): [2167	2368	2295	2271	 2370]
I/flutter (30603): [2169	2367	2299	2277	 2370]
I/flutter (30603): [2166	2367	2290	2270	 2366]
I/flutter (30603): [2174	2369	2295	2275	 2366]
I/flutter (30603): [2166	2374	2299	2277	 2366]
I/flutter (30603): [2169	2370	2284	2274	 2359]
I/flutter (30603): [2167	2366	2291	2274	 2364]
I/flutter (30603): [2168	2384	2288	2275	 2363]
I/flutter (30603): [2164	2365	2290	2276	 2363]
I/flutter (30603): [2155	2358	2294	2281	 2368]
I/flutter (30603): [2176	2360	2292	2275	 2358]
I/flutter (30603): [2167	2365	2285	2271	 2365]
I/flutter (30603): [2163	2366	2299	2260	 2361]
I/flutter (30603): [2167	2369	2286	2273	 2358]
I/flutter (30603): [2171	2367	2291	2274	 2365]
I/flutter (30603): [2171	2374	2293	2273	 2363]
I/flutter (30603): [2143	2368	2288	2279	 2355]
I/flutter (30603): [2170	2358	2290	2277	 2367]
I/flutter (30603): [2173	2363	2290	2274	 2358]
I/flutter (30603): [2167	2367	2295	2287	 2363]
I/flutter (30603): [2169	2366	2285	2285	 2355]
I/flutter (30603): [2165	2359	2299	2284	 2363]
I/flutter (30603): [2170	2366	2291	2274	 2366]
I/flutter (30603): [2167	2365	2284	2282	 2363]
I/flutter (30603): [2163	2373	2287	2286	 2359]
I/flutter (30603): [2170	2371	2295	2278	 2368]
I/flutter (30603): [2173	2368	2291	2279	 2365]
I/flutter (30603): [2170	2370	2298	2279	 2368]
I/flutter (30603): [2160	2365	2293	2278	 2363]
I/flutter (30603): [2174	2368	2290	2277	 2368]
I/flutter (30603): [2183	2365	2290	2276	 2362]
I/flutter (30603): [2169	2368	2288	2277	 2357]
I/flutter (30603): [2163	2367	2290	2275	 2358]
I/flutter (30603): [2163	2367	2288	2277	 2358]
I/flutter (30603): [2174	2368	2293	2270	 2367]
I/flutter (30603): [2171	2359	2288	2268	 2366]
I/flutter (30603): [2169	2367	2313	2274	 2355]
I/flutter (30603): [2170	2368	2288	2270	 2352]
I/flutter (30603): [2165	2367	2290	2273	 2355]
I/flutter (30603): [2166	2366	2288	2271	 2354]
I/flutter (30603): [2165	2368	2299	2279	 2359]
I/flutter (30603): [2160	2365	2290	2275	 2354]
I/flutter (30603): [2173	2364	2294	2275	 2358]
I/flutter (30603): [2167	2365	2288	2275	 2357]
I/flutter (30603): [2163	2358	2295	2268	 2356]
I/flutter (30603): [2166	2359	2295	2273	 2353]
I/flutter (30603): [2163	2363	2288	2277	 2363]
I/flutter (30603): [2160	2371	2288	2272	 2356]
I/flutter (30603): [2171	2365	2291	2277	 2368]
I/flutter (30603): [2163	2366	2299	2271	 2364]
I/flutter (30603): [2166	2352	2288	2275	 2355]
I/flutter (30603): [2166	2357	2291	2277	 2367]
I/flutter (30603): [2171	2369	2289	2274	 2357]
I/flutter (30603): [2151	2365	2290	2271	 2370]
I/flutter (30603): [2170	2363	2284	2276	 2355]
I/flutter (30603): [2169	2367	2307	2277	 2365]
I/flutter (30603): [2171	2350	2288	2276	 2357]
I/flutter (30603): [2163	2369	2288	2271	 2357]
I/flutter (30603): [2170	2365	2288	2274	 2365]
I/flutter (30603): [2164	2363	2301	2271	 2359]
I/flutter (30603): [2170	2363	2290	2266	 2365]
I/flutter (30603): [2167	2330	2290	2269	 2358]
I/flutter (30603): [2167	2336	2286	2272	 2358]
I/flutter (30603): [2167	2332	2294	2271	 2363]
I/flutter (30603): [2170	2345	2284	2273	 2361]
I/flutter (30603): [2166	2351	2290	2273	 2357]
I/flutter (30603): [2166	2350	2288	2277	 2359]
I/flutter (30603): [2170	2350	2288	2273	 2354]
I/flutter (30603): [2170	2354	2289	2265	 2354]
I/flutter (30603): [2169	2347	2288	2271	 2359]
I/flutter (30603): [2173	2350	2293	2274	 2359]
I/flutter (30603): [2168	2347	2288	2271	 2355]
I/flutter (30603): [2163	2346	2297	2273	 2352]
I/flutter (30603): [2166	2348	2290	2273	 2352]
I/flutter (30603): [2162	2349	2289	2269	 2357]
I/flutter (30603): [2162	2347	2291	2274	 2352]
I/flutter (30603): [2166	2350	2288	2271	 2346]
I/flutter (30603): [2167	2352	2288	2270	 2361]
I/flutter (30603): [2165	2347	2288	2275	 2360]
I/flutter (30603): [2163	2331	2289	2282	 2356]
I/flutter (30603): [2163	2350	2286	2273	 2357]
I/flutter (30603): [2171	2347	2288	2274	 2353]
I/flutter (30603): [2163	2357	2289	2270	 2352]
I/flutter (30603): [2167	2352	2291	2264	 2354]
I/flutter (30603): [2169	2350	2293	2272	 2358]
I/flutter (30603): [2165	2349	2289	2272	 2352]
I/flutter (30603): [2170	2352	2284	2281	 2358]
I/flutter (30603): [2164	2341	2288	2286	 2353]
I/flutter (30603): [2171	2352	2283	2273	 2355]
I/flutter (30603): [2163	2339	2287	2276	 2356]
I/flutter (30603): [2162	2346	2288	2282	 2365]
I/flutter (30603): [2167	2342	2283	2270	 2346]
I/flutter (30603): [2165	2346	2288	2273	 2356]
I/flutter (30603): [2164	2347	2295	2270	 2352]
I/flutter (30603): [2164	2347	2288	2275	 2353]
I/flutter (30603): [2161	2341	2288	2273	 2356]
I/flutter (30603): [2167	2335	2278	2272	 2358]
I/flutter (30603): [2160	2347	2288	2274	 2359]
I/flutter (30603): [2123	2343	2251	2263	 2370]
I/flutter (30603): [2123	2349	2255	2265	 2373]
I/flutter (30603): [2130	2342	2250	2258	 2374]
I/flutter (30603): [2115	2350	2256	2263	 2367]
I/flutter (30603): [2117	2339	2287	2259	 2368]
I/flutter (30603): [2112	2338	2252	2265	 2370]
I/flutter (30603): [2128	2341	2255	2266	 2368]
I/flutter (30603): [2127	2340	2256	2258	 2373]
I/flutter (30603): [2157	2340	2256	2258	 2377]
I/flutter (30603): [2101	2337	2253	2259	 2366]
I/flutter (30603): [2119	2350	2254	2264	 2368]
I/flutter (30603): [2114	2334	2259	2261	 2369]
I/flutter (30603): [2134	2345	2263	2257	 2368]
I/flutter (30603): [2115	2330	2250	2262	 2368]
I/flutter (30603): [2123	2350	2255	2258	 2364]
I/flutter (30603): [2128	2346	2256	2256	 2370]
I/flutter (30603): [2119	2312	2254	2258	 2356]
I/flutter (30603): [2128	2338	2247	2257	 2369]
I/flutter (30603): [2122	2345	2253	2258	 2368]
I/flutter (30603): [2128	2352	2243	2258	 2367]
I/flutter (30603): [2134	2339	2253	2257	 2367]
I/flutter (30603): [2127	2339	2247	2256	 2371]
I/flutter (30603): [2127	2341	2243	2258	 2370]
I/flutter (30603): [2125	2343	2250	2260	 2367]
I/flutter (30603): [2127	2341	2250	2256	 2367]
I/flutter (30603): [2126	2337	2255	2256	 2368]
I/flutter (30603): [2119	2337	2246	2256	 2367]
I/flutter (30603): [2121	2338	2245	2256	 2365]
I/flutter (30603): [2120	2358	2250	2260	 2367]
I/flutter (30603): [2123	2330	2236	2255	 2362]
I/flutter (30603): [2124	2340	2250	2255	 2363]
I/flutter (30603): [2121	2341	2249	2255	 2367]
I/flutter (30603): [2115	2339	2256	2264	 2367]
I/flutter (30603): [2125	2336	2240	2257	 2362]
I/flutter (30603): [2119	2337	2247	2259	 2363]
I/flutter (30603): [2125	2336	2235	2258	 2370]
I/flutter (30603): [2123	2333	2246	2259	 2366]
I/flutter (30603): [2123	2342	2243	2258	 2362]
I/flutter (30603): [2127	2337	2256	2257	 2365]
I/flutter (30603): [2128	2334	2251	2270	 2369]
I/flutter (30603): [2128	2337	2246	2246	 2357]
I/flutter (30603): [2126	2338	2244	2255	 2368]
I/flutter (30603): [2105	2336	2240	2254	 2363]
I/flutter (30603): [2126	2342	2256	2223	 2368]
I/flutter (30603): [2124	2342	2246	2256	 2365]
I/flutter (30603): [2125	2334	2250	2256	 2373]
I/flutter (30603): [2127	2339	2230	2256	 2372]
I/flutter (30603): [2134	2338	2254	2256	 2352]
I/flutter (30603): [2127	2340	2251	2263	 2368]
I/flutter (30603): [2126	2345	2250	2252	 2368]
I/flutter (30603): [2122	2343	2247	2256	 2365]
I/flutter (30603): [2131	2339	2224	2262	 2369]
I/flutter (30603): [2124	2334	2249	2256	 2369]
I/flutter (30603): [2128	2336	2249	2256	 2361]
I/flutter (30603): [2128	2333	2254	2259	 2363]
I/flutter (30603): [2129	2347	2245	2256	 2366]
I/flutter (30603): [2127	2339	2249	2256	 2368]
I/flutter (30603): [2127	2349	2254	2256	 2370]
I/flutter (30603): [2129	2368	2251	2259	 2358]
I/flutter (30603): [2112	2317	2253	2256	 2361]
I/flutter (30603): [2127	2346	2250	2256	 2364]
I/flutter (30603): [2128	2327	2242	2252	 2353]
I/flutter (30603): [2130	2336	2246	2255	 2359]
I/flutter (30603): [2133	2334	2246	2256	 2363]
I/flutter (30603): [2128	2331	2255	2256	 2354]
I/flutter (30603): [2128	2339	2248	2261	 2362]
I/flutter (30603): [2128	2333	2269	2260	 2361]
I/flutter (30603): [2124	2338	2242	2254	 2362]
I/flutter (30603): [2128	2317	2253	2251	 2353]
I/flutter (30603): [2128	2345	2249	2257	 2359]
I/flutter (30603): [2171	2359	2288	2268	 2366]
I/flutter (30603): [2169	2367	2313	2274	 2355]
I/flutter (30603): [2170	2368	2288	2270	 2352]
I/flutter (30603): [2165	2367	2290	2273	 2355]
I/flutter (30603): [2166	2366	2288	2271	 2354]
I/flutter (30603): [2165	2368	2299	2279	 2359]
I/flutter (30603): [2160	2365	2290	2275	 2354]
I/flutter (30603): [2173	2364	2294	2275	 2358]
I/flutter (30603): [2167	2365	2288	2275	 2357]
I/flutter (30603): [2163	2358	2295	2268	 2356]
I/flutter (30603): [2166	2359	2295	2273	 2353]
I/flutter (30603): [2163	2363	2288	2277	 2363]
I/flutter (30603): [2160	2371	2288	2272	 2356]
I/flutter (30603): [2171	2365	2291	2277	 2368]
I/flutter (30603): [2163	2366	2299	2271	 2364]
I/flutter (30603): [2166	2352	2288	2275	 2355]
I/flutter (30603): [2166	2357	2291	2277	 2367]
I/flutter (30603): [2171	2369	2289	2274	 2357]
I/flutter (30603): [2151	2365	2290	2271	 2370]
I/flutter (30603): [2170	2363	2284	2276	 2355]
I/flutter (30603): [2169	2367	2307	2277	 2365]
I/flutter (30603): [2171	2350	2288	2276	 2357]
I/flutter (30603): [2163	2369	2288	2271	 2357]
I/flutter (30603): [2170	2365	2288	2274	 2365]
I/flutter (30603): [2164	2363	2301	2271	 2359]
I/flutter (30603): [2170	2363	2290	2266	 2365]
I/flutter (30603): [2167	2330	2290	2269	 2358]
I/flutter (30603): [2167	2336	2286	2272	 2358]
I/flutter (30603): [2167	2332	2294	2271	 2363]
I/flutter (30603): [2170	2345	2284	2273	 2361]
I/flutter (30603): [2166	2351	2290	2273	 2357]
I/flutter (30603): [2166	2350	2288	2277	 2359]
I/flutter (30603): [2170	2350	2288	2273	 2354]
I/flutter (30603): [2170	2354	2289	2265	 2354]
I/flutter (30603): [2169	2347	2288	2271	 2359]
I/flutter (30603): [2173	2350	2293	2274	 2359]
I/flutter (30603): [2168	2347	2288	2271	 2355]
I/flutter (30603): [2163	2346	2297	2273	 2352]
I/flutter (30603): [2166	2348	2290	2273	 2352]
I/flutter (30603): [2162	2349	2289	2269	 2357]
I/flutter (30603): [2162	2347	2291	2274	 2352]
I/flutter (30603): [2166	2350	2288	2271	 2346]
I/flutter (30603): [2167	2352	2288	2270	 2361]
I/flutter (30603): [2165	2347	2288	2275	 2360]
I/flutter (30603): [2163	2331	2289	2282	 2356]
I/flutter (30603): [2163	2350	2286	2273	 2357]
I/flutter (30603): [2171	2347	2288	2274	 2353]
I/flutter (30603): [2163	2357	2289	2270	 2352]
I/flutter (30603): [2167	2352	2291	2264	 2354]
I/flutter (30603): [2169	2350	2293	2272	 2358]
I/flutter (30603): [2165	2349	2289	2272	 2352]
I/flutter (30603): [2170	2352	2284	2281	 2358]
I/flutter (30603): [2164	2341	2288	2286	 2353]
I/flutter (30603): [2171	2352	2283	2273	 2355]
I/flutter (30603): [2163	2339	2287	2276	 2356]
I/flutter (30603): [2162	2346	2288	2282	 2365]
I/flutter (30603): [2167	2342	2283	2270	 2346]
I/flutter (30603): [2165	2346	2288	2273	 2356]
I/flutter (30603): [2164	2347	2295	2270	 2352]
I/flutter (30603): [2164	2347	2288	2275	 2353]
I/flutter (30603): [2161	2341	2288	2273	 2356]
I/flutter (30603): [2167	2335	2278	2272	 2358]
I/flutter (30603): [2160	2347	2288	2274	 2359]
I/flutter (30603): [2123	2343	2251	2263	 2370]
I/flutter (30603): [2123	2349	2255	2265	 2373]
I/flutter (30603): [2130	2342	2250	2258	 2374]
I/flutter (30603): [2115	2350	2256	2263	 2367]
I/flutter (30603): [2117	2339	2287	2259	 2368]
I/flutter (30603): [2112	2338	2252	2265	 2370]
I/flutter (30603): [2128	2341	2255	2266	 2368]
I/flutter (30603): [2127	2340	2256	2258	 2373]
I/flutter (30603): [2157	2340	2256	2258	 2377]
I/flutter (30603): [2101	2337	2253	2259	 2366]
I/flutter (30603): [2119	2350	2254	2264	 2368]
I/flutter (30603): [2114	2334	2259	2261	 2369]
I/flutter (30603): [2134	2345	2263	2257	 2368]
I/flutter (30603): [2115	2330	2250	2262	 2368]
I/flutter (30603): [2123	2350	2255	2258	 2364]
I/flutter (30603): [2128	2346	2256	2256	 2370]
I/flutter (30603): [2119	2312	2254	2258	 2356]
I/flutter (30603): [2128	2338	2247	2257	 2369]
I/flutter (30603): [2122	2345	2253	2258	 2368]
I/flutter (30603): [2128	2352	2243	2258	 2367]
I/flutter (30603): [2134	2339	2253	2257	 2367]
I/flutter (30603): [2127	2339	2247	2256	 2371]
I/flutter (30603): [2127	2341	2243	2258	 2370]
I/flutter (30603): [2125	2343	2250	2260	 2367]
I/flutter (30603): [2127	2341	2250	2256	 2367]
I/flutter (30603): [2126	2337	2255	2256	 2368]
I/flutter (30603): [2119	2337	2246	2256	 2367]
I/flutter (30603): [2121	2338	2245	2256	 2365]
I/flutter (30603): [2120	2358	2250	2260	 2367]
I/flutter (30603): [2123	2330	2236	2255	 2362]
I/flutter (30603): [2124	2340	2250	2255	 2363]
I/flutter (30603): [2121	2341	2249	2255	 2367]
I/flutter (30603): [2115	2339	2256	2264	 2367]
I/flutter (30603): [2125	2336	2240	2257	 2362]
I/flutter (30603): [2119	2337	2247	2259	 2363]
I/flutter (30603): [2125	2336	2235	2258	 2370]
I/flutter (30603): [2123	2333	2246	2259	 2366]
I/flutter (30603): [2123	2342	2243	2258	 2362]
I/flutter (30603): [2127	2337	2256	2257	 2365]
I/flutter (30603): [2128	2334	2251	2270	 2369]
I/flutter (30603): [2128	2337	2246	2246	 2357]
I/flutter (30603): [2126	2338	2244	2255	 2368]
I/flutter (30603): [2105	2336	2240	2254	 2363]
I/flutter (30603): [2126	2342	2256	2223	 2368]
I/flutter (30603): [2124	2342	2246	2256	 2365]
I/flutter (30603): [2125	2334	2250	2256	 2373]
I/flutter (30603): [2127	2339	2230	2256	 2372]
I/flutter (30603): [2134	2338	2254	2256	 2352]
I/flutter (30603): [2127	2340	2251	2263	 2368]
I/flutter (30603): [2126	2345	2250	2252	 2368]
I/flutter (30603): [2122	2343	2247	2256	 2365]
I/flutter (30603): [2131	2339	2224	2262	 2369]
I/flutter (30603): [2124	2334	2249	2256	 2369]
I/flutter (30603): [2128	2336	2249	2256	 2361]
I/flutter (30603): [2128	2333	2254	2259	 2363]
I/flutter (30603): [2129	2347	2245	2256	 2366]
I/flutter (30603): [2127	2339	2249	2256	 2368]
I/flutter (30603): [2127	2349	2254	2256	 2370]
I/flutter (30603): [2129	2368	2251	2259	 2358]
I/flutter (30603): [2112	2317	2253	2256	 2361]
I/flutter (30603): [2127	2346	2250	2256	 2364]
I/flutter (30603): [2128	2327	2242	2252	 2353]
I/flutter (30603): [2130	2336	2246	2255	 2359]
I/flutter (30603): [2133	2334	2246	2256	 2363]
I/flutter (30603): [2171	2359	2288	2268	 2366]
I/flutter (30603): [2169	2367	2313	2274	 2355]
I/flutter (30603): [2170	2368	2288	2270	 2352]
I/flutter (30603): [2165	2367	2290	2273	 2355]
I/flutter (30603): [2166	2366	2288	2271	 2354]
I/flutter (30603): [2165	2368	2299	2279	 2359]
I/flutter (30603): [2160	2365	2290	2275	 2354]
I/flutter (30603): [2173	2364	2294	2275	 2358]
I/flutter (30603): [2167	2365	2288	2275	 2357]
I/flutter (30603): [2163	2358	2295	2268	 2356]
I/flutter (30603): [2166	2359	2295	2273	 2353]
I/flutter (30603): [2163	2363	2288	2277	 2363]
I/flutter (30603): [2160	2371	2288	2272	 2356]
I/flutter (30603): [2171	2365	2291	2277	 2368]
I/flutter (30603): [2163	2366	2299	2271	 2364]
I/flutter (30603): [2166	2352	2288	2275	 2355]
I/flutter (30603): [2166	2357	2291	2277	 2367]
I/flutter (30603): [2171	2369	2289	2274	 2357]
I/flutter (30603): [2151	2365	2290	2271	 2370]
I/flutter (30603): [2170	2363	2284	2276	 2355]
I/flutter (30603): [2169	2367	2307	2277	 2365]
I/flutter (30603): [2171	2350	2288	2276	 2357]
I/flutter (30603): [2163	2369	2288	2271	 2357]
I/flutter (30603): [2170	2365	2288	2274	 2365]
I/flutter (30603): [2164	2363	2301	2271	 2359]
I/flutter (30603): [2170	2363	2290	2266	 2365]
I/flutter (30603): [2167	2330	2290	2269	 2358]
I/flutter (30603): [2167	2336	2286	2272	 2358]
I/flutter (30603): [2167	2332	2294	2271	 2363]
I/flutter (30603): [2170	2345	2284	2273	 2361]
I/flutter (30603): [2166	2351	2290	2273	 2357]
I/flutter (30603): [2166	2350	2288	2277	 2359]
I/flutter (30603): [2170	2350	2288	2273	 2354]
I/flutter (30603): [2170	2354	2289	2265	 2354]
I/flutter (30603): [2169	2347	2288	2271	 2359]
I/flutter (30603): [2173	2350	2293	2274	 2359]
I/flutter (30603): [2168	2347	2288	2271	 2355]
I/flutter (30603): [2163	2346	2297	2273	 2352]
I/flutter (30603): [2166	2348	2290	2273	 2352]
I/flutter (30603): [2162	2349	2289	2269	 2357]
I/flutter (30603): [2162	2347	2291	2274	 2352]
I/flutter (30603): [2166	2350	2288	2271	 2346]
I/flutter (30603): [2167	2352	2288	2270	 2361]
I/flutter (30603): [2165	2347	2288	2275	 2360]
I/flutter (30603): [2163	2331	2289	2282	 2356]
I/flutter (30603): [2163	2350	2286	2273	 2357]
I/flutter (30603): [2171	2347	2288	2274	 2353]
I/flutter (30603): [2163	2357	2289	2270	 2352]
I/flutter (30603): [2167	2352	2291	2264	 2354]
I/flutter (30603): [2169	2350	2293	2272	 2358]
I/flutter (30603): [2165	2349	2289	2272	 2352]
I/flutter (30603): [2170	2352	2284	2281	 2358]
I/flutter (30603): [2164	2341	2288	2286	 2353]
I/flutter (30603): [2171	2352	2283	2273	 2355]
I/flutter (30603): [2163	2339	2287	2276	 2356]
I/flutter (30603): [2162	2346	2288	2282	 2365]
				
				
				
				
				
				
				
				
				
				
				
				
				
				
				
				
				
				
				
				
				
				
				
				
				
				
				
				
				
				
				
				
				
				
				
				
				
				
				
				
				
				
				
				
				
				
				
				
				
				
				
				
				
				
				
				
				
				
				
				
				
				
				
				
				
				
				
				
				
				
				
